00 24 161.800 78A 156.925
09 156.450 25 161.850 79A = 156.975
10 156.500 26 161.900 80A 157.025
11 156.550 2/7 161.950 81A 157.075
12 156.600 28 162.000 82A 157.175
13 156.650 63A 156.175 84 161.825
14 156.700 65A 156.275 85 161.875
15 156.750 66A 156.325 86 161.925
16 156.800 67 156.375 87 157.375
17 156.850 68 156.425 88A 157.425
18A = 156.900 69 156.475 AIS 1 161.975
19A = 156.950 70 156.525 AIS 2 162.025
20 161.600 71 156.575

Room Monitors

There are several ranges of frequencies assigned b