.4000 200.4000
170.245 75.1000 179.2000 190.2000 202.2000
170.305 75.5000 180.8000 192.8000 202.6500
171.045 75.7000 181.2500 193.2000 204.8000
171.105 75.9000 181.6000 193.6000 205.6000
171.845 82.5000 182.4000 194.4000 206.3500
171.905 82.8000 183.2000 195.2000 206.4000
72.1000 83.8000 183.4000 195.4000 208.2000
72.3000 86.8000 184.2000 195.8000 208.6500
72.5000 174.8000 184.6000 196.2000 210.8000
72.7000 175.2500 184.8000 196.6000 211.6000
72.9000 175.6000 185.2000 197.4000 212.4000
73.1000 1